09 06
09 53
01 06
06 00
178 178 178 178 178 178 178 178
178 178 178 178 178 178 178 178
178 178 178 178 178 178 178 178
178 178 178 178 178 178 178 178
178 178 178 178 178 178 178 178
   
09 10
06 00
178 178 178 178 178 178 178 178 178 178 178 178 178 178 178 178 178 178 178 178 178 178 178 178 178 178 178 178 178 178 178 178 178 178 178 178 178 178 178 178 178 178 178 178 178 178 178 178 178 178 178
   
60 06
06 00
178 178 178 178 178 178 178 178
178 178 178 178 178 178 178 178
178 178 178 178 178 178 178 178
178 178 178 178 178 178 178 178
178 178 178 178 178 178 178 178
   
09 07
00 03
176 032 176 032 176 032 176 032 176 032 176 032 176 032 176 032 176 032 176 032 176 032 176 032 176 032 176 032 176 032 176 032 176 032 176 032 176 032 176 032 176 032 176 032 176 032 176 032 176 032 176
176 176 176 176 176 176 176 176 176 176 176 176 176 176 176 176 176 176 176 176 176 176 176 176 176 176 176 176 176 176 176 176 176 176 176 176 176 176 176 176 176 176 176 176 176 176 176 176 176 176 176
176 176 176 176 176 176 176 176 176 176 176 176 176 176 176 176 176 176 176 176 176 176 176 176 176 176 176 176 176 176 176 176 176 176 176 176 176 176 176 176 176 176 176 176 176 176 176 176 176 176 176
